1 0.37066666666666664 0.44 0.032 0.364
1 0.266566265060241 0.453 -0.06927710843373494 0.33
1 0.24083129584352078 0.526 -0.03667481662591687 0.14400000000000002
1 0.17857142857142855 0.5710000000000001 -0.0291005291005291 0.23
1 0.3504043126684636 0.371 0.07547169811320756 0.234
1 0.46893491124260356 0.425 0.4230769230769231 0.214
1 0.4041666666666667 0.2986111111111111 0.03333333333333333 0.28055555555555556
1 0.18541033434650456 0.639 0.0243161094224924 0.386
1 0.092 0.6268656716417911 -0.048 0.3940298507462687
1 0.12012012012012012 0.664 0.0 0.308
1 0.10097323600973236 0.643 -0.05596107055961071 0.318
1 0.393 0.551051051051051 -0.558 0.4894894894894895
1 0.2042042042042042 0.559 -0.04204204204204204 0.39
1 0.28791773778920304 0.307 0.2313624678663239 0.222
1 0.39859154929577467 0.44 0.13802816901408452 0.376
1 0.36257309941520466 0.485 -0.07017543859649122 0.5740000000000001
1 0.3502824858757062 0.376 0.12429378531073446 0.316
1 0.167 0.6409736308316429 -0.33 0.7058823529411764
1 0.284 0.375 0.184 0.298
1 0.16133333333333333 0.6930000000000001 -0.32266666666666666 0.522
1 0.10144927536231885 0.5670000000000001 0.057971014492753624 0.47000000000000003
1 0.2042042042042042 0.501 -0.03003003003003003 0.25
1 0.081 0.8729281767955801 -0.122 -0.07734806629834254
1 0.0 0.871 0.0 0.25
1 0.06534954407294832 0.738 -0.09422492401215805 0.396
1 0.3171875 0.468 0.22812500000000002 0.10400000000000001
1 0.466 0.3853333333333333 -0.536 0.264
1 0.536036036036036 0.153 0.3213213213213213 0.066
1 0.3342245989304813 0.334 0.0374331550802139 0.268
1 0.0653950953678474 0.726 0.11444141689373297 0.308
1 0.2627627627627628 0.427 0.17717717717717718 0.338
1 0.44040697674418605 0.368 0.17151162790697674 0.26
1 0.13788300835654596 0.7228412256267409 -0.2590529247910863 0.532033426183844
1 0.32 0.4447592067988669 -0.41200000000000003 0.2946175637393768
1 0.186 0.6634199134199135 -0.148 0.2532467532467532
1 0.5210843373493976 0.218 0.3433734939759036 0.064
1 0.3898809523809524 0.403 0.17261904761904762 0.28200000000000003
1 0.245 0.5223880597014925 -0.158 0.29850746268656714
1 0.27534562211981567 0.458 -0.07603686635944701 0.356
1 0.059770114942528735 0.851 -0.027586206896551724 0.15
1 0.05952380952380952 0.617 -0.05555555555555555 0.246
1 0.4158004158004158 0.329 0.13721413721413722 0.162
1 0.2773333333333333 0.486 0.144 0.192
1 0.28611111111111115 0.5640000000000001 0.2611111111111111 0.14
1 0.395 0.26197604790419166 -0.062 0.1407185628742515
1 0.0029239766081871343 0.834 0.0 0.32
1 0.2826666666666667 0.41400000000000003 -0.37866666666666665 0.324
1 0.45199999999999996 0.41500000000000004 -0.088 0.306
1 0.2912912912912913 0.508 0.03003003003003003 0.448
1 0.034666666666666665 0.795 -0.06933333333333333 0.402
1 0.19208211143695014 0.653 -0.2903225806451613 0.418
1 0.19498607242339833 0.633 -0.12813370473537605 0.51
1 0.309 0.6208133971291866 -0.514 0.34688995215311
1 0.2762237762237762 0.524 -0.016317016317016316 0.392
1 0.03453453453453453 0.773 0.009009009009009009 0.302
1 0.16216216216216217 0.5680000000000001 -0.1921921921921922 0.44
1 0.21363636363636362 0.61 0.15454545454545454 0.296
1 0.007 0.9624624624624625 -0.014 0.06306306306306306
1 0.26126126126126126 0.532 0.15015015015015015 0.308
1 0.3804347826086956 0.28 -0.02717391304347826 0.224
1 0.3 0.562 0.035 0.216
1 0.2733333333333333 0.502 0.0026666666666666666 0.308
1 0.355 0.40792540792540793 -0.17400000000000002 0.2517482517482518
1 0.17 0.9373333333333334 -0.336 0.11466666666666667
1 0.1590909090909091 0.617 0.045454545454545456 0.458
1 0.2192513368983957 0.581 -0.1336898395721925 0.498
1 0.27466666666666667 0.452 0.016 0.448
1 0.393 0.3254189944134078 -0.29 0.23743016759776536
1 0.05389221556886228 0.769 -0.10778443113772455 0.374
1 0.17200000000000001 0.9145077720207254 -0.20800000000000002 -0.02590673575129534
1 0.36 0.375 -0.03733333333333333 0.306
1 0.38821138211382117 0.442 0.10569105691056911 0.184
1 0.24133333333333332 0.557 0.06666666666666667 0.274
1 0.18 0.62 -0.0026666666666666666 0.38
1 0.20800000000000002 0.643595041322314 -0.17200000000000001 0.29545454545454547
1 0.09431137724550899 0.657 0.11077844311377247 0.394
1 0.19 0.48179271708683474 0.136 0.3081232492997199
1 0.07667731629392971 0.601 -0.08945686900958466 0.47800000000000004
1 0.15775401069518716 0.63 -0.0962566844919786 0.448
1 0.108 0.6990000000000001 -0.12 0.418
1 0.11800000000000001 0.5840840840840841 -0.02 0.42342342342342343
1 0.2813333333333333 0.454 0.19999999999999998 0.272
1 0.2926829268292683 0.40700000000000003 0.01951219512195122 0.302
1 0.484984984984985 0.367 0.44744744744744747 0.122
1 0.3213213213213213 0.38 0.0 0.304
1 0.24829931972789115 0.537 -0.020408163265306124 0.31
1 0.188 0.62 0.056 0.3
1 0.105 0.6612090680100755 -0.09 0.21914357682619648
1 0.45645645645645644 0.429 0.45045045045045046 0.182
1 0.33599999999999997 0.47200000000000003 0.21866666666666665 0.28
1 0.31666666666666665 0.47100000000000003 0.042222222222222223 0.274
1 0.077 0.852 -0.006 -0.004
1 0.18 0.8669590643274854 -0.356 0.2543859649122807
1 0.294 0.45066666666666666 -0.272 0.35733333333333334
1 0.39599999999999996 0.359 0.12 0.23800000000000002
1 0.0 1.1946778711484594 0.0 -0.4005602240896359
1 0.311 0.4968220338983051 -0.17400000000000002 0.2097457627118644
1 0.0 0.8260000000000001 0.0 0.34
1 0.22560975609756098 0.544 0.006097560975609756 0.56
1 0.3073394495412844 0.225 -0.09480122324159021 0.17400000000000002
1 0.215 0.612 -0.262 0.45599999999999996
1 0.0 0.8290000000000001 0.0 0.334
1 0.4189189189189189 0.391 0.21921921921921922 0.23800000000000002
1 0.332 0.6736526946107785 -0.41600000000000004 0.05389221556886228
1 0.2245989304812834 0.53 0.06951871657754011 0.14
1 0.012 0.6730245231607629 -0.016 0.23978201634877383
1 0.27 0.7157622739018088 -0.464 0.46511627906976744
1 0.228 0.43818681318681324 -0.268 0.12912087912087913
1 0.448 0.2321981424148607 -0.148 0.13003095975232198
1 0.20600000000000002 0.6831831831831832 -0.192 0.2012012012012012
1 0.2632978723404255 0.5650000000000001 0.0 0.166
1 0.07142857142857142 0.729 0.018633540372670808 0.342
1 0.005 1.172176308539945 -0.002 -0.371900826446281
1 0.2062841530054645 0.539 -0.1284153005464481 0.51
1 0.23466666666666666 0.547 -0.21333333333333332 0.454
1 0.29866666666666664 0.505 0.058666666666666666 0.41000000000000003
1 0.14933333333333332 0.654 -0.026666666666666665 0.372
1 0.18 0.63 -0.24266666666666667 0.6
1 0.13866666666666666 0.674 -0.112 0.52
1 0.389 0.5564263322884012 -0.43 0.335423197492163
1 0.006 1.1726726726726726 -0.012 -0.44144144144144143
1 0.07866666666666666 0.733 -0.06666666666666667 0.374
1 0.37537993920972645 0.292 0.13677811550151975 0.18
1 0.0 0.871 0.0 0.25
1 0.298 0.4208715596330275 -0.20800000000000002 0.34174311926605505
1 0.3363363363363363 0.48 0.09009009009009009 0.424
1 0.3 0.4653333333333333 -0.124 0.17866666666666667
1 0.24924924924924924 0.51 -0.03003003003003003 0.40800000000000003
1 0.14875 0.795 -0.2975 0.4033333333333334
1 0.2449238578680203 0.376 -0.12436548223350252 0.28400000000000003
1 0.001366120218579235 0.836 -0.00273224043715847 0.32
1 0.23866666666666667 0.524 -0.17866666666666667 0.496
1 0.077 0.704 -0.154 0.5866666666666667
1 0.29320113314447593 0.468 0.1558073654390935 0.112
1 0.17914438502673796 0.439 -0.0320855614973262 0.198
1 0.1741573033707865 0.632 0.033707865168539325 0.23600000000000002
1 0.13513513513513514 0.631 -0.2702702702702703 0.682
1 0.14759036144578314 0.625 -0.06626506024096386 0.442
1 0.43093093093093093 0.313 0.15315315315315314 0.17
1 0.001 1.1880222841225627 -0.002 -0.39275766016713093
1 0.1877076411960133 0.592 0.04318936877076412 0.432
1 0.2939297124600639 0.579 0.4408945686900958 0.14200000000000002
1 0.26666666666666666 0.56 0.010666666666666666 0.42
1 0.3621908127208481 0.508 0.3498233215547703 0.368
1 0.39649122807017545 0.441 0.3649122807017544 0.31
1 0.3293333333333333 0.47900000000000004 0.072 0.234
1 0.2373333333333333 0.585 0.112 0.202
1 0.28800000000000003 0.5433467741935484 -0.056 0.34879032258064513
1 0.2815126050420168 0.498 0.13165266106442577 0.188
1 0.2811550151975684 0.467 0.04559270516717325 0.29
1 0.20266666666666666 0.619 -0.10666666666666666 0.462
1 0.313 0.4599109131403118 -0.106 0.27394209354120264
1 0.19369369369369369 0.615 -0.03903903903903904 0.378
1 0.4095744680851064 0.433 0.26595744680851063 0.266
1 0.22 0.5601604278074866 -0.34 0.40909090909090906
1 0.446 0.511 -0.34 0.39
1 0.17466666666666666 0.6814119749776586 0.104 0.32797140303842715
1 0.21168831168831168 0.488 -0.07012987012987013 0.332
1 0.10300000000000001 0.4009009009009009 0.078 0.24324324324324323
1 0.25245901639344265 0.5690000000000001 0.09180327868852459 0.486
1 0.2826666666666667 0.5760000000000001 0.192 0.192
1 0.387 0.3819628647214854 -0.366 0.286472148541114
1 0.11645962732919254 0.644 0.02795031055900621 0.28800000000000003
1 0.3494764397905759 0.537 0.07068062827225131 0.29
1 0.063 0.7573333333333333 -0.10200000000000001 0.368
1 0.22028985507246376 0.34900000000000003 0.06376811594202898 0.466
1 0.23723723723723725 0.518 0.12612612612612611 0.148
1 0.060240963855421686 0.788 -0.12048192771084337 0.41600000000000004
1 0.15127388535031847 0.595 -0.06050955414012739 0.454
1 0.23303834808259588 0.391 0.11209439528023599 0.358
1 0.13764044943820225 0.545 0.1853932584269663 0.47400000000000003
1 0.16310975609756098 0.596 0.10670731707317073 0.196
1 0.3453333333333333 0.442 0.35466666666666663 0.304
1 0.17205882352941176 0.588 -0.07941176470588235 0.456
1 0.11585365853658537 0.393 0.07317073170731708 0.10200000000000001
1 0.16794871794871793 0.619 -0.11538461538461539 0.382
1 0.0 0.996 0.0 0.0
1 0.0045045045045045045 0.669 0.003003003003003003 0.642
1 0.2741514360313316 0.368 0.05221932114882506 0.056
1 0.21543408360128616 0.493 0.06430868167202572 0.43
1 0.2434402332361516 0.59 0.1661807580174927 0.252
1 0.12762762762762764 0.662 -0.10510510510510511 0.504
1 0.4984423676012461 0.323 0.40498442367601245 0.154
1 0.004 1.2417417417417418 0.004 -0.5075075075075075
1 0.09 0.7693333333333333 -0.076 0.216
1 0.42533333333333334 0.303 0.19999999999999998 0.17400000000000002
1 0.3933333333333333 0.404 0.09333333333333332 0.264
1 0.2345844504021448 0.653 -0.45844504021447724 0.678
1 0.30533333333333335 0.47100000000000003 0.034666666666666665 0.422
