0 0.043000000000000003 1.1801801801801801 -0.082 -0.3783783783783784
0 0.4041916167664671 0.20800000000000002 -0.437125748502994 0.10400000000000001
0 0.0 0.8130000000000001 0.0 0.366
0 0.088 1.0 -0.176 -0.04204204204204204
0 0.296 0.8327067669172932 -0.492 0.13909774436090225
0 0.0 0.871 0.0 0.25
0 0.39 0.521021021021021 -0.364 0.32732732732732733
0 0.058 0.6039156626506025 -0.064 0.569277108433735
0 0.111 0.883 -0.05 0.054
0 0.6026936026936026 0.369 0.30303030303030304 0.35000000000000003
0 0.05080213903743315 0.8210000000000001 -0.0160427807486631 0.28600000000000003
0 0.08408408408408408 0.769 0.04204204204204204 0.306
0 0.036000000000000004 0.9573333333333333 0.068 -0.11733333333333333
0 0.54 0.33111702127659576 -0.352 0.2845744680851064
0 0.23199999999999998 0.627 0.128 0.294
0 0.08108108108108109 0.711 0.08408408408408408 0.20600000000000002
0 0.064 1.1153846153846154 -0.128 -0.24216524216524218
0 0.001 1.0689655172413792 0.002 -0.15172413793103448
0 0.1036036036036036 0.76 0.19519519519519518 0.20400000000000001
0 0.8260188087774294 0.221 0.45454545454545453 0.162
0 0.033 1.1126126126126126 -0.058 -0.24324324324324323
0 0.242 0.8633633633633634 -0.404 0.14714714714714713
0 0.0 0.8280000000000001 0.0 0.332
0 0.24 0.8498498498498498 -0.428 0.21621621621621623
0 0.0275 0.874 0.055 0.156
0 0.5690000000000001 0.3480392156862745 -0.598 0.3496732026143791
0 0.006925207756232687 0.852 0.013850415512465374 0.268
0 0.0990990990990991 0.763 0.1981981981981982 0.202
0 0.001 1.063953488372093 -0.002 -0.1372093023255814
0 0.0 1.0221052631578946 0.0 -0.05263157894736842
0 0.0 1.1974789915966386 0.0 -0.4005602240896359
0 0.039 1.1246246246246245 -0.054 -0.2912912912912913
0 0.01 1.1785714285714286 0.02 -0.4226190476190476
0 0.379 0.24634146341463414 -0.366 0.04390243902439024
0 0.07100000000000001 1.078078078078078 -0.138 -0.24024024024024024
0 0.04 0.8190000000000001 -0.08 0.354
0 0.091 0.9784615384615385 -0.098 -0.09230769230769231
0 0.013000000000000001 1.2267267267267268 0.026000000000000002 -0.5375375375375375
0 0.073 0.9894894894894894 -0.134 -0.003003003003003003
0 0.123 0.7627627627627628 -0.03 0.13213213213213212
0 0.20611702127659573 0.589 -0.0026595744680851063 0.506
0 0.252 0.24251497005988026 -0.404 -0.08982035928143713
0 0.02625 0.873 0.0525 0.154
0 0.078 1.1287425149700598 0.132 -0.6946107784431138
0 0.012048192771084338 0.8200000000000001 -0.024096385542168676 0.352
0 0.14759036144578314 0.608 -0.22289156626506026 0.7000000000000001
0 0.47900000000000004 0.29523809523809524 -0.402 0.10158730158730159
0 0.1553738317757009 0.755 0.07710280373831775 0.15
0 0.11923076923076924 0.73 0.03333333333333333 0.312
0 0.0 1.2102102102102101 0.0 -0.4264264264264264
0 0.13253012048192772 0.74 -0.03614457831325302 0.36
0 0.1966966966966967 0.6980000000000001 0.12312312312312312 0.252
0 0.037 1.0533333333333332 0.074 -0.30933333333333335
0 0.022 0.974 0.044 -0.044
0 0.003 1.0502232142857142 0.006 -0.12276785714285714
0 0.26 0.566066066066066 -0.3 0.5255255255255256
0 0.0 1.2477477477477477 0.0 -0.5015015015015015
0 0.35628742514970063 0.34600000000000003 -0.017964071856287428 0.108
0 0.3273809523809524 0.612 -0.08928571428571427 0.388
0 0.227 0.7115384615384616 -0.058 0.1452991452991453
0 0.044 1.09009009009009 -0.07200000000000001 -0.21621621621621623
0 0.28700000000000003 0.7867867867867868 -0.538 0.3663663663663664
0 0.081 1.084033613445378 -0.162 -0.17366946778711484
0 0.17 0.8978978978978979 -0.156 -0.37237237237237236
0 0.009036144578313254 0.8220000000000001 -0.01807228915662651 0.34800000000000003
0 0.03753753753753754 0.797 0.07507507507507508 0.298
0 0.078 0.6951951951951952 -0.056 0.45345345345345345
0 0.0029940119760479044 0.8280000000000001 0.0 0.332
0 0.2 0.9474474474474475 -0.356 0.03303303303303303
0 0.038 1.1231003039513678 -0.07200000000000001 -0.26443768996960487
0 0.22933333333333333 0.623 0.18133333333333332 0.222
0 0.17604166666666665 1.0685185185185186 -0.3520833333333333 -0.15185185185185185
0 0.2132132132132132 0.52 0.05405405405405406 0.152
0 0.034 0.877245508982036 0.028 0.08982035928143713
0 0.47700000000000004 0.45970149253731346 -0.214 -0.041791044776119404
0 0.11900000000000001 0.8078078078078078 -0.078 0.0960960960960961
0 0.159 0.7586666666666666 -0.082 0.15733333333333333
0 0.030120481927710843 0.808 0.04819277108433735 0.304
0 0.18373493975903615 0.681 -0.12650602409638556 0.47000000000000003
0 0.338 0.7208480565371025 -0.424 0.09187279151943463
0 0.021 1.0195195195195195 0.042 -0.17117117117117117
0 0.3309608540925267 0.529 0.13523131672597863 0.486
0 0.10479041916167665 0.759 0.04790419161676647 0.298
0 0.003003003003003003 0.8250000000000001 0.0 0.334
0 0.178 0.9285714285714286 -0.312 0.06593406593406594
0 0.125 0.704 -0.242 0.5226666666666666
0 0.0825 0.799 0.16 0.134
0 0.15615615615615616 0.725 -0.03003003003003003 0.354
0 0.039 1.1891891891891893 0.034 -0.5525525525525525
0 0.29411764705882354 0.591 0.33053221288515405 0.042
0 0.1066066066066066 0.709 -0.14714714714714713 0.338
0 0.0 1.0885885885885886 0.0 -0.1831831831831832
0 0.07507507507507508 0.724 -0.07207207207207207 0.41200000000000003
0 0.08 0.811 -0.016 0.262
0 0.12349397590361447 0.6900000000000001 -0.060240963855421686 0.488
0 0.17567567567567569 0.712 0.35135135135135137 0.1
0 0.225 0.6951951951951952 -0.234 0.27927927927927926
0 0.23600000000000002 0.6053333333333333 -0.136 0.144
0 0.0377906976744186 0.78 0.0755813953488372 0.328
0 0.275 0.7725903614457832 -0.434 0.14759036144578314
0 0.17300000000000001 0.756 -0.038 0.072
0 0.0 0.927 0.0 0.138
0 0.47000000000000003 0.2543103448275862 -0.264 0.15229885057471265
0 0.27177177177177175 0.49 -0.11711711711711711 0.41600000000000004
0 0.151 0.9204851752021563 -0.194 0.008086253369272238
0 0.018000000000000002 1.0745192307692308 -0.036000000000000004 -0.15865384615384617
0 0.011 1.177177177177177 0.018000000000000002 -0.42042042042042044
0 0.02535211267605634 0.833 0.005633802816901409 0.28600000000000003
0 0.058 1.1107784431137726 -0.116 -0.22754491017964074
0 0.047 0.9171686746987953 0.07 -0.08734939759036145
0 0.227 0.7462462462462462 -0.154 0.05105105105105105
0 0.331 0.7507507507507507 -0.558 0.3363363363363363
0 0.16566265060240964 0.6980000000000001 0.3313253012048193 0.156
0 0.628 0.255 -0.352 0.25
0 0.085 0.8280000000000001 0.155 0.076
0 0.215 0.8231850117096019 -0.362 0.2646370023419204
0 0.0 0.884 0.0 0.22
0 0.185 0.8108108108108109 -0.09 -0.04804804804804805
0 0.0 0.8300000000000001 0.0 0.332
0 0.1021021021021021 0.724 0.13813813813813813 0.316
0 0.107 0.6940000000000001 0.214 0.176
0 0.111 0.920673076923077 -0.09 -0.09615384615384616
0 0.07824933687002653 0.78 0.04509283819628647 0.28
0 0.162 0.856508875739645 -0.20800000000000002 0.10946745562130178
0 0.058116232464929855 0.8270000000000001 -0.0721442885771543 0.274
0 0.006983240223463688 0.848 0.002793296089385475 0.28400000000000003
0 0.008 0.852 0.016 0.264
0 0.08 1.002932551319648 0.084 -0.4281524926686217
0 0.03474320241691843 0.804 0.06948640483383686 0.292
0 0.001 0.9940119760479043 0.002 0.0
0 0.06906906906906907 0.783 0.13813813813813813 0.242
0 0.4624624624624625 0.512 0.07807807807807808 0.3
0 0.324 0.2755775577557756 0.068 0.07590759075907591
0 0.247 0.8048048048048048 -0.23 -0.012012012012012012
0 0.012012012012012012 0.8210000000000001 0.024024024024024024 0.318
0 0.0175 0.882 0.02 0.184
0 0.009036144578313254 0.8220000000000001 0.01807228915662651 0.324
0 0.03903903903903904 0.784 -0.07807807807807808 0.424
0 0.0015723270440251573 0.756 0.0031446540880503146 0.47600000000000003
0 0.176 0.9129129129129129 0.016 -0.3843843843843844
0 0.248 0.6096096096096096 -0.308 0.4924924924924925
0 0.018018018018018018 0.8170000000000001 0.036036036036036036 0.31
0 0.12125 0.799 -0.0625 0.25
0 0.06211180124223602 0.778 0.12422360248447203 0.276
0 0.09421841541755889 0.875 0.05139186295503212 0.018000000000000002
0 0.16 1.0316455696202531 0.12 -0.7721518987341772
0 0.0018656716417910447 0.763 -0.0037313432835820895 0.466
0 0.14328358208955225 0.735 -0.08955223880597014 0.39
0 0.029 0.9208211143695014 -0.006 0.005865102639296188
0 0.0026666666666666666 0.869 0.0 0.25
0 0.08375 0.8270000000000001 0.1675 0.07
0 0.0 0.8280000000000001 0.0 0.336
0 0.07200000000000001 1.1377245508982037 -0.14 -0.28742514970059885
0 0.225 0.4713467048710602 0.058 -0.07163323782234957
0 0.362 0.38656716417910447 -0.28800000000000003 -0.008955223880597015
0 0.17333333333333334 0.63 -0.3466666666666667 0.592
0 0.296 0.5346666666666666 -0.20800000000000002 0.13066666666666665
0 0.01951951951951952 0.8160000000000001 0.03903903903903904 0.308
0 0.289 0.539039039039039 -0.162 0.2912912912912913
0 0.088 1.0540540540540542 -0.17200000000000001 -0.11891891891891893
0 0.23600000000000002 0.6651651651651651 -0.20800000000000002 0.26726726726726724
0 0.0 1.1065830721003134 0.0 -0.21943573667711597
0 0.191 0.7327327327327328 -0.126 0.14414414414414414
0 0.213 0.6950000000000001 0.426 -0.25
0 0.1111111111111111 0.714 0.09009009009009009 0.356
0 0.04969879518072289 0.795 0.09939759036144578 0.27
0 0.08235294117647059 0.766 0.14705882352941177 0.22
0 0.145 0.46546546546546547 0.106 0.21621621621621623
0 0.01051051051051051 0.8220000000000001 0.02102102102102102 0.32
0 0.015 0.981 0.03 -0.03
0 0.095 0.9271739130434783 0.186 -0.2717391304347826
0 0.16066066066066065 0.721 0.30930930930930933 0.126
0 0.135 0.8533333333333333 0.05 -0.13866666666666666
0 0.23723723723723725 0.669 -0.13213213213213212 0.422
0 0.144 0.686 -0.288 0.62
0 0.005420054200542005 0.86 0.0 0.264
0 0.0 0.873 0.0 0.246
0 0.06375 0.842 0.1225 0.108
0 0.4894894894894895 0.40800000000000003 0.2822822822822823 0.332
0 0.21021021021021022 0.47300000000000003 0.2702702702702703 0.402
0 0.036000000000000004 0.8593023255813953 0.07200000000000001 0.10465116279069767
0 0.13333333333333333 0.735 0.2545454545454545 0.166
0 0.169 0.9819819819819819 -0.28200000000000003 -0.05405405405405406
0 0.11952191235059761 0.678 0.23904382470119523 0.396
0 0.0 0.795 0.0 0.402
0 0.0 0.9588068181818182 0.0 0.07670454545454546
0 0.1893491124260355 0.6033333333333334 -0.17751479289940827 0.5
0 0.0 0.996 0.0 0.0
0 0.12048192771084337 0.604 -0.19879518072289157 0.656
0 0.0026109660574412533 0.876 0.005221932114882507 0.228
0 0.12569832402234637 0.709 -0.1675977653631285 0.514
0 0.152 0.9613333333333333 -0.304 0.072
0 0.15866666666666665 0.752 0.04 0.22
0 0.177 0.5613333333333334 -0.042 0.06133333333333333
0 0.26 0.6246246246246246 -0.376 0.22822822822822822
0 0.08700000000000001 1.117117117117117 -0.17400000000000002 -0.24024024024024024
0 0.372 0.1 0.376 0.084
0 0.5079787234042553 0.354 0.15425531914893617 0.22
0 0.02 1.035919540229885 0.02 -0.16379310344827586
0 0.166 0.11599999999999999 -0.108 -0.008
0 0.19910179640718564 0.616 0.3862275449101797 0.232
0 0.213 0.47897897897897895 -0.218 0.2132132132132132
0 0.0 0.9979919678714858 0.0 -0.004016064257028112
0 0.0 1.2455089820359282 0.0 -0.4970059880239521
0 0.358 0.1831831831831832 -0.168 0.15615615615615616
0 0.05105105105105105 0.75 0.03003003003003003 0.404
0 0.31 0.6141141141141141 -0.436 0.3153153153153153
0 0.16089965397923875 0.658 0.3217993079584775 0.304
0 0.002 1.0374251497005988 0.0 -0.09281437125748504
0 0.055837563451776644 0.8240000000000001 -0.005076142131979695 0.26
0 0.21021021021021022 0.607 0.09009009009009009 0.438
0 0.17733333333333332 0.738 0.152 0.136
0 0.06306306306306306 0.743 -0.006006006006006006 0.426
0 0.14400000000000002 0.8534136546184738 -0.152 0.14859437751004015
0 0.02 1.063660477453581 0.04 -0.23872679045092837
0 0.048 1.1314285714285715 -0.036000000000000004 -0.35428571428571426
0 0.211 0.9307228915662651 -0.222 -0.16867469879518074
0 0.003 1.1541916167664672 0.002 -0.3263473053892216
0 0.00273224043715847 0.858 0.0 0.272
0 0.208 0.578 -0.19733333333333333 0.544
0 0.0125 0.886 0.025 0.18
0 0.005 1.1876876876876876 -0.01 -0.3813813813813814
0 0.12198795180722892 0.747 0.08734939759036145 0.278
0 0.31 0.7226666666666667 -0.352 0.176
0 0.136 0.9444444444444444 0.008 -0.3153153153153153
0 0.4634146341463415 0.28700000000000003 0.2926829268292683 0.33
0 0.0 0.8290000000000001 0.0 0.334
0 0.002 1.0124740124740126 -0.004 -0.033264033264033266
0 0.13253012048192772 0.663 -0.22289156626506026 0.638
0 0.3701492537313433 0.463 0.3641791044776119 0.294
0 0.1487603305785124 0.742 0.2534435261707989 0.08
0 0.132 0.9294294294294294 -0.244 0.10510510510510511
0 0.096 0.598 0.08533333333333333 0.524
0 0.466 0.28034682080924855 -0.328 0.057803468208092484
0 0.045312500000000006 0.787 -0.040625 0.386
0 0.1510204081632653 0.7549407114624506 -0.3020408163265306 0.48221343873517786
0 0.0 1.1261261261261262 0.0 -0.25825825825825827
0 0.19610778443113774 0.5650000000000001 0.15269461077844312 0.258
0 0.2846385542168675 0.558 -0.49096385542168675 0.7000000000000001
0 0.187 0.8785310734463276 -0.28200000000000003 -0.022598870056497175
0 0.129 0.21733333333333332 0.038 0.12
0 0.09069767441860466 0.9065420560747662 -0.1813953488372093 0.17757009345794392
0 0.08097686375321336 0.8210000000000001 0.16195372750642673 0.098
0 0.7033678756476685 0.133 0.3134715025906736 0.134
0 0.12133333333333333 0.632 -0.14666666666666667 0.116
0 0.0990990990990991 0.761 0.1921921921921922 0.21
0 0.0 1.1486486486486487 0.0 -0.3033033033033033
0 0.10424028268551237 0.6285377358490566 0.20848056537102475 0.455188679245283
0 0.05733333333333333 0.8180000000000001 0.11466666666666667 0.184
0 0.108 1.0873493975903614 -0.216 -0.18072289156626506
0 0.04954954954954955 0.796 0.0990990990990991 0.268
0 0.209 0.7786666666666666 0.026000000000000002 -0.496
0 0.6726726726726726 0.211 -0.012012012012012012 0.17
0 0.5740000000000001 0.15210843373493976 -0.232 0.03313253012048193
0 0.016 1.0675675675675675 -0.016 -0.16516516516516516
0 0.03453453453453453 0.806 0.06906906906906907 0.28800000000000003
0 0.09733333333333333 0.798 0.19466666666666665 0.10400000000000001
0 0.332 0.6419354838709678 -0.368 0.38924731182795697
0 0.23500000000000001 0.6687116564417178 -0.29 0.1411042944785276
0 0.027 0.9474431818181819 0.046 -0.04261363636363637
0 0.13798219584569735 0.651 0.228486646884273 0.338
0 0.179 0.7839506172839507 0.042 -0.08230452674897121
0 0.45999999999999996 0.105 0.10933333333333332 0.098
0 0.05 1.0024570024570025 0.012 -0.24078624078624078
0 0.077 0.7018072289156627 0.154 0.12650602409638556
